0 0.6147492625368731 0.37567359507313314 0.04129793510324484 0.05542725173210161
0 0.7126843657817109 0.37836797536566585 0.04601769911504425 0.05311778290993071
0 0.8079646017699115 0.3598922247882987 0.06666666666666667 0.08545034642032331
0 0.8663716814159292 0.46728252501924555 0.02182890855457227 0.027713625866050806
0 0.9085545722713864 0.34026173979984603 0.07669616519174041 0.15088529638183218
0 0.2657817109144543 0.2852193995381062 0.06430678466076696 0.04695919938414164
0 0.22123893805309736 0.3148575827559661 0.022418879056047197 0.024634334103156273
0 0.22359882005899706 0.4272517321016166 0.012979351032448377 0.01539645881447267
0 0.5076696165191741 0.40762124711316394 0.028908554572271386 0.039260969976905306
0 0.7678466076696165 0.48729792147806 0.010029498525073746 0.012317167051578136
0 0.9746312684365781 0.4707467282525019 0.008259587020648967 0.010007698229407235
