0 0.4057788944723618 0.06268221574344023 0.12144053601340034 0.09475218658892127
0 0.518425460636516 0.2660349854227405 0.08375209380234507 0.07142857142857142
0 0.27554438860971525 0.21465014577259475 0.2814070351758794 0.14358600583090378
0 0.6729480737018425 0.17383381924198252 0.08626465661641541 0.07798833819241982
0 0.6742043551088778 0.08928571428571429 0.08542713567839195 0.07507288629737609
0 0.7914572864321608 0.42128279883381925 0.08542713567839195 0.07434402332361516
0 0.5770519262981575 0.641399416909621 0.26800670016750416 0.2521865889212828
0 0.635678391959799 0.7733236151603499 0.04187604690117253 0.04956268221574344
0 0.37479061976549416 0.8294460641399417 0.10636515912897823 0.08892128279883382
0 0.2797319932998325 0.43185131195335275 0.18760469011725295 0.12463556851311954
0 0.22110552763819097 0.6505102040816326 0.440536013400335 0.4263848396501458
