0 0.10024449877750612 0.4215575620767494 0.11246943765281174 0.0801354401805869
0 0.08679706601466992 0.2505643340857788 0.04156479217603912 0.02934537246049661
0 0.07823960880195599 0.5237020316027088 0.06356968215158924 0.0564334085778781
0 0.3025672371638142 0.6992099322799097 0.1821515892420538 0.136568848758465
0 0.6069682151589242 0.409706546275395 0.34596577017114916 0.2076749435665914
0 0.6100244498777506 0.729119638826185 0.24938875305623473 0.255079006772009
0 0.8930317848410758 0.5586907449209931 0.2114914425427873 0.35214446952595935
0 0.7652811735941321 0.8837471783295711 0.1687041564792176 0.12641083521444693
0 0.19193154034229828 0.20880361173814896 0.02444987775061125 0.013544018058690745
0 0.32396088019559904 0.41365688487584645 0.03178484107579462 0.014672686230248306
