0 0.22476272648835205 0.15018203883495143 0.06125970664365833 0.05885922330097087
0 0.03968938740293357 0.18385922330097085 0.020707506471095774 0.013349514563106795
0 0.31320103537532357 0.42748786407766987 0.03796376186367558 0.04065533980582524
0 0.4456427955133736 0.5057645631067961 0.0457290767903365 0.05279126213592233
0 0.5332182916307162 0.5904126213592232 0.06902502157031924 0.03519417475728155
0 0.7377049180327869 0.7518203883495145 0.17083692838654013 0.032766990291262135
0 0.6065573770491803 0.6650485436893203 0.06902502157031924 0.04854368932038834
0 0.5832614322691976 0.7709344660194174 0.03796376186367558 0.023665048543689317
0 0.1471095772217429 0.12560679611650485 0.019844693701466784 0.023058252427184463
0 0.47799827437446074 0.6920509708737863 0.01553062985332183 0.009101941747572815
