2 0.29848710317460314 0.36259920634920634 0.2690972222222222 0.22982804232804233
0 0.5718005952380952 0.5997023809523809 0.016121031746031744 0.0248015873015873
0 0.39533730158730157 0.046957671957671955 0.010416666666666666 0.011904761904761904
0 0.6897321428571428 0.7685185185185185 0.00744047619047619 0.011243386243386243
0 0.7540922619047619 0.7369378306878307 0.006696428571428571 0.013558201058201057
0 0.28348214285714285 0.31564153439153436 0.00496031746031746 0.005621693121693121
0 0.2847222222222222 0.4019510582010582 0.006448412698412698 0.008267195767195767
0 0.3019593253968254 0.4212962962962963 0.003224206349206349 0.005291005291005291
0 0.3237847222222222 0.4439484126984127 0.004216269841269841 0.005621693121693121
0 0.33283730158730157 0.4368386243386243 0.002976190476190476 0.003968253968253968
